{
  "nbformat": 4,
  "nbformat_minor": 0,
  "metadata": {
    "colab": {
      "provenance": [],
      "authorship_tag": "ABX9TyN818xpLgbtyREcoYj2JTHn",
      "include_colab_link": true
    },
    "kernelspec": {
      "name": "python3",
      "display_name": "Python 3"
    },
    "language_info": {
      "name": "python"
    }
  },
  "cells": [
    {
      "cell_type": "markdown",
      "metadata": {
        "id": "view-in-github",
        "colab_type": "text"
      },
      "source": [
        "<a href=\"https://colab.research.google.com/github/housemLassoued/ML-deployment/blob/main/Classifying_Rainy_Days.ipynb\" target=\"_parent\"><img src=\"https://colab.research.google.com/assets/colab-badge.svg\" alt=\"Open In Colab\"/></a>"
      ]
    },
    {
      "cell_type": "code",
      "execution_count": 25,
      "metadata": {
        "id": "VD6vQDd2xI3r"
      },
      "outputs": [],
      "source": [
        "import pandas as pd\n",
        "import plotly.express as px\n",
        "from sklearn.utils import resample\n",
        "from sklearn.model_selection import train_test_split\n",
        "from sklearn.ensemble import RandomForestClassifier\n",
        "from sklearn.metrics import classification_report\n",
        "from sklearn.metrics import confusion_matrix\n",
        "from sklearn.svm import SVC\n",
        "from xgboost import XGBClassifier\n",
        "from sklearn.tree import DecisionTreeClassifier as decisionTreeClassifier"
      ]
    },
    {
      "cell_type": "code",
      "source": [
        "df=pd.read_csv(\"/content/Rainfall.csv\")"
      ],
      "metadata": {
        "id": "xGnGs6XN0voH"
      },
      "execution_count": 26,
      "outputs": []
    },
    {
      "cell_type": "code",
      "source": [
        "df.head()"
      ],
      "metadata": {
        "colab": {
          "base_uri": "https://localhost:8080/",
          "height": 206
        },
        "id": "KhVoMKr01CIj",
        "outputId": "b2d38036-3992-4a81-f2ec-9c2ef183e747"
      },
      "execution_count": 27,
      "outputs": [
        {
          "output_type": "execute_result",
          "data": {
            "text/plain": [
              "   day  pressure   maxtemp  temparature  mintemp  dewpoint  humidity   cloud   \\\n",
              "0    1     1025.9     19.9         18.3     16.8      13.1         72      49   \n",
              "1    2     1022.0     21.7         18.9     17.2      15.6         81      83   \n",
              "2    3     1019.7     20.3         19.3     18.0      18.4         95      91   \n",
              "3    4     1018.9     22.3         20.6     19.1      18.8         90      88   \n",
              "4    5     1015.9     21.3         20.7     20.2      19.9         95      81   \n",
              "\n",
              "  rainfall  sunshine           winddirection  windspeed  \n",
              "0      yes       9.3                    80.0       26.3  \n",
              "1      yes       0.6                    50.0       15.3  \n",
              "2      yes       0.0                    40.0       14.2  \n",
              "3      yes       1.0                    50.0       16.9  \n",
              "4      yes       0.0                    40.0       13.7  "
            ],
            "text/html": [
              "\n",
              "  <div id=\"df-0b064b4e-a194-4bdf-a377-f291640df5f1\" class=\"colab-df-container\">\n",
              "    <div>\n",
              "<style scoped>\n",
              "    .dataframe tbody tr th:only-of-type {\n",
              "        vertical-align: middle;\n",
              "    }\n",
              "\n",
              "    .dataframe tbody tr th {\n",
              "        vertical-align: top;\n",
              "    }\n",
              "\n",
              "    .dataframe thead th {\n",
              "        text-align: right;\n",
              "    }\n",
              "</style>\n",
              "<table border=\"1\" class=\"dataframe\">\n",
              "  <thead>\n",
              "    <tr style=\"text-align: right;\">\n",
              "      <th></th>\n",
              "      <th>day</th>\n",
              "      <th>pressure</th>\n",
              "      <th>maxtemp</th>\n",
              "      <th>temparature</th>\n",
              "      <th>mintemp</th>\n",
              "      <th>dewpoint</th>\n",
              "      <th>humidity</th>\n",
              "      <th>cloud</th>\n",
              "      <th>rainfall</th>\n",
              "      <th>sunshine</th>\n",
              "      <th>winddirection</th>\n",
              "      <th>windspeed</th>\n",
              "    </tr>\n",
              "  </thead>\n",
              "  <tbody>\n",
              "    <tr>\n",
              "      <th>0</th>\n",
              "      <td>1</td>\n",
              "      <td>1025.9</td>\n",
              "      <td>19.9</td>\n",
              "      <td>18.3</td>\n",
              "      <td>16.8</td>\n",
              "      <td>13.1</td>\n",
              "      <td>72</td>\n",
              "      <td>49</td>\n",
              "      <td>yes</td>\n",
              "      <td>9.3</td>\n",
              "      <td>80.0</td>\n",
              "      <td>26.3</td>\n",
              "    </tr>\n",
              "    <tr>\n",
              "      <th>1</th>\n",
              "      <td>2</td>\n",
              "      <td>1022.0</td>\n",
              "      <td>21.7</td>\n",
              "      <td>18.9</td>\n",
              "      <td>17.2</td>\n",
              "      <td>15.6</td>\n",
              "      <td>81</td>\n",
              "      <td>83</td>\n",
              "      <td>yes</td>\n",
              "      <td>0.6</td>\n",
              "      <td>50.0</td>\n",
              "      <td>15.3</td>\n",
              "    </tr>\n",
              "    <tr>\n",
              "      <th>2</th>\n",
              "      <td>3</td>\n",
              "      <td>1019.7</td>\n",
              "      <td>20.3</td>\n",
              "      <td>19.3</td>\n",
              "      <td>18.0</td>\n",
              "      <td>18.4</td>\n",
              "      <td>95</td>\n",
              "      <td>91</td>\n",
              "      <td>yes</td>\n",
              "      <td>0.0</td>\n",
              "      <td>40.0</td>\n",
              "      <td>14.2</td>\n",
              "    </tr>\n",
              "    <tr>\n",
              "      <th>3</th>\n",
              "      <td>4</td>\n",
              "      <td>1018.9</td>\n",
              "      <td>22.3</td>\n",
              "      <td>20.6</td>\n",
              "      <td>19.1</td>\n",
              "      <td>18.8</td>\n",
              "      <td>90</td>\n",
              "      <td>88</td>\n",
              "      <td>yes</td>\n",
              "      <td>1.0</td>\n",
              "      <td>50.0</td>\n",
              "      <td>16.9</td>\n",
              "    </tr>\n",
              "    <tr>\n",
              "      <th>4</th>\n",
              "      <td>5</td>\n",
              "      <td>1015.9</td>\n",
              "      <td>21.3</td>\n",
              "      <td>20.7</td>\n",
              "      <td>20.2</td>\n",
              "      <td>19.9</td>\n",
              "      <td>95</td>\n",
              "      <td>81</td>\n",
              "      <td>yes</td>\n",
              "      <td>0.0</td>\n",
              "      <td>40.0</td>\n",
              "      <td>13.7</td>\n",
              "    </tr>\n",
              "  </tbody>\n",
              "</table>\n",
              "</div>\n",
              "    <div class=\"colab-df-buttons\">\n",
              "\n",
              "  <div class=\"colab-df-container\">\n",
              "    <button class=\"colab-df-convert\" onclick=\"convertToInteractive('df-0b064b4e-a194-4bdf-a377-f291640df5f1')\"\n",
              "            title=\"Convert this dataframe to an interactive table.\"\n",
              "            style=\"display:none;\">\n",
              "\n",
              "  <svg xmlns=\"http://www.w3.org/2000/svg\" height=\"24px\" viewBox=\"0 -960 960 960\">\n",
              "    <path d=\"M120-120v-720h720v720H120Zm60-500h600v-160H180v160Zm220 220h160v-160H400v160Zm0 220h160v-160H400v160ZM180-400h160v-160H180v160Zm440 0h160v-160H620v160ZM180-180h160v-160H180v160Zm440 0h160v-160H620v160Z\"/>\n",
              "  </svg>\n",
              "    </button>\n",
              "\n",
              "  <style>\n",
              "    .colab-df-container {\n",
              "      display:flex;\n",
              "      gap: 12px;\n",
              "    }\n",
              "\n",
              "    .colab-df-convert {\n",
              "      background-color: #E8F0FE;\n",
              "      border: none;\n",
              "      border-radius: 50%;\n",
              "      cursor: pointer;\n",
              "      display: none;\n",
              "      fill: #1967D2;\n",
              "      height: 32px;\n",
              "      padding: 0 0 0 0;\n",
              "      width: 32px;\n",
              "    }\n",
              "\n",
              "    .colab-df-convert:hover {\n",
              "      background-color: #E2EBFA;\n",
              "      box-shadow: 0px 1px 2px rgba(60, 64, 67, 0.3), 0px 1px 3px 1px rgba(60, 64, 67, 0.15);\n",
              "      fill: #174EA6;\n",
              "    }\n",
              "\n",
              "    .colab-df-buttons div {\n",
              "      margin-bottom: 4px;\n",
              "    }\n",
              "\n",
              "    [theme=dark] .colab-df-convert {\n",
              "      background-color: #3B4455;\n",
              "      fill: #D2E3FC;\n",
              "    }\n",
              "\n",
              "    [theme=dark] .colab-df-convert:hover {\n",
              "      background-color: #434B5C;\n",
              "      box-shadow: 0px 1px 3px 1px rgba(0, 0, 0, 0.15);\n",
              "      filter: drop-shadow(0px 1px 2px rgba(0, 0, 0, 0.3));\n",
              "      fill: #FFFFFF;\n",
              "    }\n",
              "  </style>\n",
              "\n",
              "    <script>\n",
              "      const buttonEl =\n",
              "        document.querySelector('#df-0b064b4e-a194-4bdf-a377-f291640df5f1 button.colab-df-convert');\n",
              "      buttonEl.style.display =\n",
              "        google.colab.kernel.accessAllowed ? 'block' : 'none';\n",
              "\n",
              "      async function convertToInteractive(key) {\n",
              "        const element = document.querySelector('#df-0b064b4e-a194-4bdf-a377-f291640df5f1');\n",
              "        const dataTable =\n",
              "          await google.colab.kernel.invokeFunction('convertToInteractive',\n",
              "                                                    [key], {});\n",
              "        if (!dataTable) return;\n",
              "\n",
              "        const docLinkHtml = 'Like what you see? Visit the ' +\n",
              "          '<a target=\"_blank\" href=https://colab.research.google.com/notebooks/data_table.ipynb>data table notebook</a>'\n",
              "          + ' to learn more about interactive tables.';\n",
              "        element.innerHTML = '';\n",
              "        dataTable['output_type'] = 'display_data';\n",
              "        await google.colab.output.renderOutput(dataTable, element);\n",
              "        const docLink = document.createElement('div');\n",
              "        docLink.innerHTML = docLinkHtml;\n",
              "        element.appendChild(docLink);\n",
              "      }\n",
              "    </script>\n",
              "  </div>\n",
              "\n",
              "\n",
              "<div id=\"df-f2869fce-5c3f-4b54-ad13-81050db692cf\">\n",
              "  <button class=\"colab-df-quickchart\" onclick=\"quickchart('df-f2869fce-5c3f-4b54-ad13-81050db692cf')\"\n",
              "            title=\"Suggest charts\"\n",
              "            style=\"display:none;\">\n",
              "\n",
              "<svg xmlns=\"http://www.w3.org/2000/svg\" height=\"24px\"viewBox=\"0 0 24 24\"\n",
              "     width=\"24px\">\n",
              "    <g>\n",
              "        <path d=\"M19 3H5c-1.1 0-2 .9-2 2v14c0 1.1.9 2 2 2h14c1.1 0 2-.9 2-2V5c0-1.1-.9-2-2-2zM9 17H7v-7h2v7zm4 0h-2V7h2v10zm4 0h-2v-4h2v4z\"/>\n",
              "    </g>\n",
              "</svg>\n",
              "  </button>\n",
              "\n",
              "<style>\n",
              "  .colab-df-quickchart {\n",
              "      --bg-color: #E8F0FE;\n",
              "      --fill-color: #1967D2;\n",
              "      --hover-bg-color: #E2EBFA;\n",
              "      --hover-fill-color: #174EA6;\n",
              "      --disabled-fill-color: #AAA;\n",
              "      --disabled-bg-color: #DDD;\n",
              "  }\n",
              "\n",
              "  [theme=dark] .colab-df-quickchart {\n",
              "      --bg-color: #3B4455;\n",
              "      --fill-color: #D2E3FC;\n",
              "      --hover-bg-color: #434B5C;\n",
              "      --hover-fill-color: #FFFFFF;\n",
              "      --disabled-bg-color: #3B4455;\n",
              "      --disabled-fill-color: #666;\n",
              "  }\n",
              "\n",
              "  .colab-df-quickchart {\n",
              "    background-color: var(--bg-color);\n",
              "    border: none;\n",
              "    border-radius: 50%;\n",
              "    cursor: pointer;\n",
              "    display: none;\n",
              "    fill: var(--fill-color);\n",
              "    height: 32px;\n",
              "    padding: 0;\n",
              "    width: 32px;\n",
              "  }\n",
              "\n",
              "  .colab-df-quickchart:hover {\n",
              "    background-color: var(--hover-bg-color);\n",
              "    box-shadow: 0 1px 2px rgba(60, 64, 67, 0.3), 0 1px 3px 1px rgba(60, 64, 67, 0.15);\n",
              "    fill: var(--button-hover-fill-color);\n",
              "  }\n",
              "\n",
              "  .colab-df-quickchart-complete:disabled,\n",
              "  .colab-df-quickchart-complete:disabled:hover {\n",
              "    background-color: var(--disabled-bg-color);\n",
              "    fill: var(--disabled-fill-color);\n",
              "    box-shadow: none;\n",
              "  }\n",
              "\n",
              "  .colab-df-spinner {\n",
              "    border: 2px solid var(--fill-color);\n",
              "    border-color: transparent;\n",
              "    border-bottom-color: var(--fill-color);\n",
              "    animation:\n",
              "      spin 1s steps(1) infinite;\n",
              "  }\n",
              "\n",
              "  @keyframes spin {\n",
              "    0% {\n",
              "      border-color: transparent;\n",
              "      border-bottom-color: var(--fill-color);\n",
              "      border-left-color: var(--fill-color);\n",
              "    }\n",
              "    20% {\n",
              "      border-color: transparent;\n",
              "      border-left-color: var(--fill-color);\n",
              "      border-top-color: var(--fill-color);\n",
              "    }\n",
              "    30% {\n",
              "      border-color: transparent;\n",
              "      border-left-color: var(--fill-color);\n",
              "      border-top-color: var(--fill-color);\n",
              "      border-right-color: var(--fill-color);\n",
              "    }\n",
              "    40% {\n",
              "      border-color: transparent;\n",
              "      border-right-color: var(--fill-color);\n",
              "      border-top-color: var(--fill-color);\n",
              "    }\n",
              "    60% {\n",
              "      border-color: transparent;\n",
              "      border-right-color: var(--fill-color);\n",
              "    }\n",
              "    80% {\n",
              "      border-color: transparent;\n",
              "      border-right-color: var(--fill-color);\n",
              "      border-bottom-color: var(--fill-color);\n",
              "    }\n",
              "    90% {\n",
              "      border-color: transparent;\n",
              "      border-bottom-color: var(--fill-color);\n",
              "    }\n",
              "  }\n",
              "</style>\n",
              "\n",
              "  <script>\n",
              "    async function quickchart(key) {\n",
              "      const quickchartButtonEl =\n",
              "        document.querySelector('#' + key + ' button');\n",
              "      quickchartButtonEl.disabled = true;  // To prevent multiple clicks.\n",
              "      quickchartButtonEl.classList.add('colab-df-spinner');\n",
              "      try {\n",
              "        const charts = await google.colab.kernel.invokeFunction(\n",
              "            'suggestCharts', [key], {});\n",
              "      } catch (error) {\n",
              "        console.error('Error during call to suggestCharts:', error);\n",
              "      }\n",
              "      quickchartButtonEl.classList.remove('colab-df-spinner');\n",
              "      quickchartButtonEl.classList.add('colab-df-quickchart-complete');\n",
              "    }\n",
              "    (() => {\n",
              "      let quickchartButtonEl =\n",
              "        document.querySelector('#df-f2869fce-5c3f-4b54-ad13-81050db692cf button');\n",
              "      quickchartButtonEl.style.display =\n",
              "        google.colab.kernel.accessAllowed ? 'block' : 'none';\n",
              "    })();\n",
              "  </script>\n",
              "</div>\n",
              "\n",
              "    </div>\n",
              "  </div>\n"
            ],
            "application/vnd.google.colaboratory.intrinsic+json": {
              "type": "dataframe",
              "variable_name": "df",
              "summary": "{\n  \"name\": \"df\",\n  \"rows\": 366,\n  \"fields\": [\n    {\n      \"column\": \"day\",\n      \"properties\": {\n        \"dtype\": \"number\",\n        \"std\": 8,\n        \"min\": 1,\n        \"max\": 31,\n        \"num_unique_values\": 31,\n        \"samples\": [\n          28,\n          16,\n          24\n        ],\n        \"semantic_type\": \"\",\n        \"description\": \"\"\n      }\n    },\n    {\n      \"column\": \"pressure \",\n      \"properties\": {\n        \"dtype\": \"number\",\n        \"std\": 6.414776409895459,\n        \"min\": 998.5,\n        \"max\": 1034.6,\n        \"num_unique_values\": 188,\n        \"samples\": [\n          1016.2,\n          1016.8,\n          1019.6\n        ],\n        \"semantic_type\": \"\",\n        \"description\": \"\"\n      }\n    },\n    {\n      \"column\": \"maxtemp\",\n      \"properties\": {\n        \"dtype\": \"number\",\n        \"std\": 5.978342653428501,\n        \"min\": 7.1,\n        \"max\": 36.3,\n        \"num_unique_values\": 174,\n        \"samples\": [\n          22.1,\n          34.7,\n          28.3\n        ],\n        \"semantic_type\": \"\",\n        \"description\": \"\"\n      }\n    },\n    {\n      \"column\": \"temparature\",\n      \"properties\": {\n        \"dtype\": \"number\",\n        \"std\": 5.632812934538626,\n        \"min\": 4.9,\n        \"max\": 32.4,\n        \"num_unique_values\": 158,\n        \"samples\": [\n          28.6,\n          20.8,\n          32.4\n        ],\n        \"semantic_type\": \"\",\n        \"description\": \"\"\n      }\n    },\n    {\n      \"column\": \"mintemp\",\n      \"properties\": {\n        \"dtype\": \"number\",\n        \"std\": 5.594152786625049,\n        \"min\": 3.1,\n        \"max\": 30.0,\n        \"num_unique_values\": 157,\n        \"samples\": [\n          24.9,\n          14.0,\n          21.1\n        ],\n        \"semantic_type\": \"\",\n        \"description\": \"\"\n      }\n    },\n    {\n      \"column\": \"dewpoint\",\n      \"properties\": {\n        \"dtype\": \"number\",\n        \"std\": 5.997021243267362,\n        \"min\": -0.4,\n        \"max\": 26.7,\n        \"num_unique_values\": 158,\n        \"samples\": [\n          16.6,\n          13.3,\n          21.7\n        ],\n        \"semantic_type\": \"\",\n        \"description\": \"\"\n      }\n    },\n    {\n      \"column\": \"humidity \",\n      \"properties\": {\n        \"dtype\": \"number\",\n        \"std\": 10,\n        \"min\": 36,\n        \"max\": 98,\n        \"num_unique_values\": 49,\n        \"samples\": [\n          61,\n          56,\n          49\n        ],\n        \"semantic_type\": \"\",\n        \"description\": \"\"\n      }\n    },\n    {\n      \"column\": \"cloud \",\n      \"properties\": {\n        \"dtype\": \"number\",\n        \"std\": 21,\n        \"min\": 0,\n        \"max\": 100,\n        \"num_unique_values\": 79,\n        \"samples\": [\n          76,\n          49,\n          94\n        ],\n        \"semantic_type\": \"\",\n        \"description\": \"\"\n      }\n    },\n    {\n      \"column\": \"rainfall\",\n      \"properties\": {\n        \"dtype\": \"category\",\n        \"num_unique_values\": 2,\n        \"samples\": [\n          \"no\",\n          \"yes\"\n        ],\n        \"semantic_type\": \"\",\n        \"description\": \"\"\n      }\n    },\n    {\n      \"column\": \"sunshine\",\n      \"properties\": {\n        \"dtype\": \"number\",\n        \"std\": 3.9343977512568165,\n        \"min\": 0.0,\n        \"max\": 12.1,\n        \"num_unique_values\": 104,\n        \"samples\": [\n          0.5,\n          4.5\n        ],\n        \"semantic_type\": \"\",\n        \"description\": \"\"\n      }\n    },\n    {\n      \"column\": \"         winddirection\",\n      \"properties\": {\n        \"dtype\": \"number\",\n        \"std\": 81.72372436011267,\n        \"min\": 10.0,\n        \"max\": 350.0,\n        \"num_unique_values\": 31,\n        \"samples\": [\n          290.0,\n          180.0\n        ],\n        \"semantic_type\": \"\",\n        \"description\": \"\"\n      }\n    },\n    {\n      \"column\": \"windspeed\",\n      \"properties\": {\n        \"dtype\": \"number\",\n        \"std\": 10.06971177781536,\n        \"min\": 4.4,\n        \"max\": 59.5,\n        \"num_unique_values\": 223,\n        \"samples\": [\n          37.7,\n          19.6\n        ],\n        \"semantic_type\": \"\",\n        \"description\": \"\"\n      }\n    }\n  ]\n}"
            }
          },
          "metadata": {},
          "execution_count": 27
        }
      ]
    },
    {
      "cell_type": "code",
      "source": [
        "df.info()"
      ],
      "metadata": {
        "colab": {
          "base_uri": "https://localhost:8080/"
        },
        "id": "JvnBzggq1Nun",
        "outputId": "4c790f5f-8fdd-4622-fc1b-300d05b563c9"
      },
      "execution_count": 28,
      "outputs": [
        {
          "output_type": "stream",
          "name": "stdout",
          "text": [
            "<class 'pandas.core.frame.DataFrame'>\n",
            "RangeIndex: 366 entries, 0 to 365\n",
            "Data columns (total 12 columns):\n",
            " #   Column                  Non-Null Count  Dtype  \n",
            "---  ------                  --------------  -----  \n",
            " 0   day                     366 non-null    int64  \n",
            " 1   pressure                366 non-null    float64\n",
            " 2   maxtemp                 366 non-null    float64\n",
            " 3   temparature             366 non-null    float64\n",
            " 4   mintemp                 366 non-null    float64\n",
            " 5   dewpoint                366 non-null    float64\n",
            " 6   humidity                366 non-null    int64  \n",
            " 7   cloud                   366 non-null    int64  \n",
            " 8   rainfall                366 non-null    object \n",
            " 9   sunshine                366 non-null    float64\n",
            " 10           winddirection  365 non-null    float64\n",
            " 11  windspeed               365 non-null    float64\n",
            "dtypes: float64(8), int64(3), object(1)\n",
            "memory usage: 34.4+ KB\n"
          ]
        }
      ]
    },
    {
      "cell_type": "code",
      "source": [
        "df.dropna(inplace=True)"
      ],
      "metadata": {
        "id": "zmZk7S86CJV1"
      },
      "execution_count": 29,
      "outputs": []
    },
    {
      "cell_type": "code",
      "source": [
        "df.shape"
      ],
      "metadata": {
        "colab": {
          "base_uri": "https://localhost:8080/"
        },
        "id": "vy61CqUaCReq",
        "outputId": "90037d69-98cc-475b-a3ca-aae21e50f5a6"
      },
      "execution_count": 30,
      "outputs": [
        {
          "output_type": "execute_result",
          "data": {
            "text/plain": [
              "(365, 12)"
            ]
          },
          "metadata": {},
          "execution_count": 30
        }
      ]
    },
    {
      "cell_type": "code",
      "source": [
        "df['rainfall']=df['rainfall'].map({'yes':1,'no':0})"
      ],
      "metadata": {
        "id": "MDoHmqar2XQ4"
      },
      "execution_count": 31,
      "outputs": []
    },
    {
      "cell_type": "code",
      "source": [
        "\n",
        "corr_matrix = df.corr()\n",
        "\n",
        "\n",
        "fig = px.imshow(corr_matrix,\n",
        "                text_auto=True,\n",
        "                color_continuous_scale='Viridis',\n",
        "                title='Heatmap_Corrélations')\n",
        "\n",
        "\n",
        "fig.show()\n"
      ],
      "metadata": {
        "colab": {
          "base_uri": "https://localhost:8080/",
          "height": 542
        },
        "id": "d6QaAtQe3Cfx",
        "outputId": "ca4657d6-a930-49d7-fba7-db565ae4723d"
      },
      "execution_count": 32,
      "outputs": [
        {
          "output_type": "display_data",
          "data": {
            "text/html": [
              "<html>\n",
              "<head><meta charset=\"utf-8\" /></head>\n",
              "<body>\n",
              "    <div>            <script src=\"https://cdnjs.cloudflare.com/ajax/libs/mathjax/2.7.5/MathJax.js?config=TeX-AMS-MML_SVG\"></script><script type=\"text/javascript\">if (window.MathJax && window.MathJax.Hub && window.MathJax.Hub.Config) {window.MathJax.Hub.Config({SVG: {font: \"STIX-Web\"}});}</script>                <script type=\"text/javascript\">window.PlotlyConfig = {MathJaxConfig: 'local'};</script>\n",
              "        <script charset=\"utf-8\" src=\"https://cdn.plot.ly/plotly-2.24.1.min.js\"></script>                <div id=\"5e63ec89-925b-4ddf-ae84-ac474fb16adb\" class=\"plotly-graph-div\" style=\"height:525px; width:100%;\"></div>            <script type=\"text/javascript\">                                    window.PLOTLYENV=window.PLOTLYENV || {};                                    if (document.getElementById(\"5e63ec89-925b-4ddf-ae84-ac474fb16adb\")) {                    Plotly.newPlot(                        \"5e63ec89-925b-4ddf-ae84-ac474fb16adb\",                        [{\"coloraxis\":\"coloraxis\",\"name\":\"0\",\"texttemplate\":\"%{z}\",\"x\":[\"day\",\"pressure \",\"maxtemp\",\"temparature\",\"mintemp\",\"dewpoint\",\"humidity \",\"cloud \",\"rainfall\",\"sunshine\",\"         winddirection\",\"windspeed\"],\"y\":[\"day\",\"pressure \",\"maxtemp\",\"temparature\",\"mintemp\",\"dewpoint\",\"humidity \",\"cloud \",\"rainfall\",\"sunshine\",\"         winddirection\",\"windspeed\"],\"z\":[[1.0,0.042125068982847826,-0.015136098446885135,-0.01245792251890547,-0.007484483501186485,-0.04961900085064948,-0.11758359911985608,-0.112502678881289,0.011795836666605716,0.11017014777380534,0.04220255577553271,-0.03190558802157347],[0.042125068982847826,1.0,-0.828670223061533,-0.8516281993843653,-0.8395833400499607,-0.8598801079477302,-0.27363132845543703,0.006881190357794923,-0.08716123337714743,-0.19685014821938454,-0.6625856486440661,0.3740464928061388],[-0.015136098446885135,-0.828670223061533,1.0,0.9861889948842799,0.9614606989868607,0.8995880656239837,0.020450479824704212,-0.2910713135180826,-0.10292185813626736,0.5068632191501022,0.6295548193189928,-0.4423569595401904],[-0.01245792251890547,-0.8516281993843653,0.9861889948842799,1.0,0.990172572329369,0.9367688706440194,0.09089285553564394,-0.2068936780393149,-0.038904760055802304,0.4199187522837848,0.6488650696288913,-0.39373914270725774],[-0.007484483501186485,-0.8395833400499607,0.9614606989868607,0.990172572329369,1.0,0.9444092075927887,0.13790083804203487,-0.1571119434636607,-0.009293907887354876,0.367564806780084,0.6335133249279793,-0.35912962710298657],[-0.04961900085064948,-0.8598801079477302,0.8995880656239837,0.9367688706440194,0.9444092075927887,1.0,0.42449256512734745,0.043752659932989886,0.13838638193650873,0.18415099768678064,0.6281904325728747,-0.3784349998501285],[-0.11758359911985608,-0.27363132845543703,0.020450479824704212,0.09089285553564394,0.13790083804203487,0.42449256512734745,1.0,0.6553381671268549,0.48907450982464784,-0.5648961814706309,0.10123671554326842,-0.0766132337880703],[-0.112502678881289,0.006881190357794923,-0.2910713135180826,-0.2068936780393149,-0.1571119434636607,0.043752659932989886,0.6553381671268549,1.0,0.6256019979083781,-0.8493366282761649,-0.07616774762462383,0.25840007951851063],[0.011795836666605716,-0.08716123337714743,-0.10292185813626736,-0.038904760055802304,-0.009293907887354876,0.13838638193650873,0.48907450982464784,0.6256019979083781,1.0,-0.5540827382814444,-0.013214013206551809,0.15448799414465866],[0.11017014777380534,-0.19685014821938454,0.5068632191501022,0.4199187522837848,0.367564806780084,0.18415099768678064,-0.5648961814706309,-0.8493366282761649,-0.5540827382814444,1.0,0.25326065107164913,-0.2988921400043775],[0.04220255577553271,-0.6625856486440661,0.6295548193189928,0.6488650696288913,0.6335133249279793,0.6281904325728747,0.10123671554326842,-0.07616774762462383,-0.013214013206551809,0.25326065107164913,1.0,-0.21996247594500773],[-0.03190558802157347,0.3740464928061388,-0.4423569595401904,-0.39373914270725774,-0.35912962710298657,-0.3784349998501285,-0.0766132337880703,0.25840007951851063,0.15448799414465866,-0.2988921400043775,-0.21996247594500773,1.0]],\"type\":\"heatmap\",\"xaxis\":\"x\",\"yaxis\":\"y\",\"hovertemplate\":\"x: %{x}\\u003cbr\\u003ey: %{y}\\u003cbr\\u003ecolor: %{z}\\u003cextra\\u003e\\u003c\\u002fextra\\u003e\"}],                        {\"template\":{\"data\":{\"histogram2dcontour\":[{\"type\":\"histogram2dcontour\",\"colorbar\":{\"outlinewidth\":0,\"ticks\":\"\"},\"colorscale\":[[0.0,\"#0d0887\"],[0.1111111111111111,\"#46039f\"],[0.2222222222222222,\"#7201a8\"],[0.3333333333333333,\"#9c179e\"],[0.4444444444444444,\"#bd3786\"],[0.5555555555555556,\"#d8576b\"],[0.6666666666666666,\"#ed7953\"],[0.7777777777777778,\"#fb9f3a\"],[0.8888888888888888,\"#fdca26\"],[1.0,\"#f0f921\"]]}],\"choropleth\":[{\"type\":\"choropleth\",\"colorbar\":{\"outlinewidth\":0,\"ticks\":\"\"}}],\"histogram2d\":[{\"type\":\"histogram2d\",\"colorbar\":{\"outlinewidth\":0,\"ticks\":\"\"},\"colorscale\":[[0.0,\"#0d0887\"],[0.1111111111111111,\"#46039f\"],[0.2222222222222222,\"#7201a8\"],[0.3333333333333333,\"#9c179e\"],[0.4444444444444444,\"#bd3786\"],[0.5555555555555556,\"#d8576b\"],[0.6666666666666666,\"#ed7953\"],[0.7777777777777778,\"#fb9f3a\"],[0.8888888888888888,\"#fdca26\"],[1.0,\"#f0f921\"]]}],\"heatmap\":[{\"type\":\"heatmap\",\"colorbar\":{\"outlinewidth\":0,\"ticks\":\"\"},\"colorscale\":[[0.0,\"#0d0887\"],[0.1111111111111111,\"#46039f\"],[0.2222222222222222,\"#7201a8\"],[0.3333333333333333,\"#9c179e\"],[0.4444444444444444,\"#bd3786\"],[0.5555555555555556,\"#d8576b\"],[0.6666666666666666,\"#ed7953\"],[0.7777777777777778,\"#fb9f3a\"],[0.8888888888888888,\"#fdca26\"],[1.0,\"#f0f921\"]]}],\"heatmapgl\":[{\"type\":\"heatmapgl\",\"colorbar\":{\"outlinewidth\":0,\"ticks\":\"\"},\"colorscale\":[[0.0,\"#0d0887\"],[0.1111111111111111,\"#46039f\"],[0.2222222222222222,\"#7201a8\"],[0.3333333333333333,\"#9c179e\"],[0.4444444444444444,\"#bd3786\"],[0.5555555555555556,\"#d8576b\"],[0.6666666666666666,\"#ed7953\"],[0.7777777777777778,\"#fb9f3a\"],[0.8888888888888888,\"#fdca26\"],[1.0,\"#f0f921\"]]}],\"contourcarpet\":[{\"type\":\"contourcarpet\",\"colorbar\":{\"outlinewidth\":0,\"ticks\":\"\"}}],\"contour\":[{\"type\":\"contour\",\"colorbar\":{\"outlinewidth\":0,\"ticks\":\"\"},\"colorscale\":[[0.0,\"#0d0887\"],[0.1111111111111111,\"#46039f\"],[0.2222222222222222,\"#7201a8\"],[0.3333333333333333,\"#9c179e\"],[0.4444444444444444,\"#bd3786\"],[0.5555555555555556,\"#d8576b\"],[0.6666666666666666,\"#ed7953\"],[0.7777777777777778,\"#fb9f3a\"],[0.8888888888888888,\"#fdca26\"],[1.0,\"#f0f921\"]]}],\"surface\":[{\"type\":\"surface\",\"colorbar\":{\"outlinewidth\":0,\"ticks\":\"\"},\"colorscale\":[[0.0,\"#0d0887\"],[0.1111111111111111,\"#46039f\"],[0.2222222222222222,\"#7201a8\"],[0.3333333333333333,\"#9c179e\"],[0.4444444444444444,\"#bd3786\"],[0.5555555555555556,\"#d8576b\"],[0.6666666666666666,\"#ed7953\"],[0.7777777777777778,\"#fb9f3a\"],[0.8888888888888888,\"#fdca26\"],[1.0,\"#f0f921\"]]}],\"mesh3d\":[{\"type\":\"mesh3d\",\"colorbar\":{\"outlinewidth\":0,\"ticks\":\"\"}}],\"scatter\":[{\"fillpattern\":{\"fillmode\":\"overlay\",\"size\":10,\"solidity\":0.2},\"type\":\"scatter\"}],\"parcoords\":[{\"type\":\"parcoords\",\"line\":{\"colorbar\":{\"outlinewidth\":0,\"ticks\":\"\"}}}],\"scatterpolargl\":[{\"type\":\"scatterpolargl\",\"marker\":{\"colorbar\":{\"outlinewidth\":0,\"ticks\":\"\"}}}],\"bar\":[{\"error_x\":{\"color\":\"#2a3f5f\"},\"error_y\":{\"color\":\"#2a3f5f\"},\"marker\":{\"line\":{\"color\":\"#E5ECF6\",\"width\":0.5},\"pattern\":{\"fillmode\":\"overlay\",\"size\":10,\"solidity\":0.2}},\"type\":\"bar\"}],\"scattergeo\":[{\"type\":\"scattergeo\",\"marker\":{\"colorbar\":{\"outlinewidth\":0,\"ticks\":\"\"}}}],\"scatterpolar\":[{\"type\":\"scatterpolar\",\"marker\":{\"colorbar\":{\"outlinewidth\":0,\"ticks\":\"\"}}}],\"histogram\":[{\"marker\":{\"pattern\":{\"fillmode\":\"overlay\",\"size\":10,\"solidity\":0.2}},\"type\":\"histogram\"}],\"scattergl\":[{\"type\":\"scattergl\",\"marker\":{\"colorbar\":{\"outlinewidth\":0,\"ticks\":\"\"}}}],\"scatter3d\":[{\"type\":\"scatter3d\",\"line\":{\"colorbar\":{\"outlinewidth\":0,\"ticks\":\"\"}},\"marker\":{\"colorbar\":{\"outlinewidth\":0,\"ticks\":\"\"}}}],\"scattermapbox\":[{\"type\":\"scattermapbox\",\"marker\":{\"colorbar\":{\"outlinewidth\":0,\"ticks\":\"\"}}}],\"scatterternary\":[{\"type\":\"scatterternary\",\"marker\":{\"colorbar\":{\"outlinewidth\":0,\"ticks\":\"\"}}}],\"scattercarpet\":[{\"type\":\"scattercarpet\",\"marker\":{\"colorbar\":{\"outlinewidth\":0,\"ticks\":\"\"}}}],\"carpet\":[{\"aaxis\":{\"endlinecolor\":\"#2a3f5f\",\"gridcolor\":\"white\",\"linecolor\":\"white\",\"minorgridcolor\":\"white\",\"startlinecolor\":\"#2a3f5f\"},\"baxis\":{\"endlinecolor\":\"#2a3f5f\",\"gridcolor\":\"white\",\"linecolor\":\"white\",\"minorgridcolor\":\"white\",\"startlinecolor\":\"#2a3f5f\"},\"type\":\"carpet\"}],\"table\":[{\"cells\":{\"fill\":{\"color\":\"#EBF0F8\"},\"line\":{\"color\":\"white\"}},\"header\":{\"fill\":{\"color\":\"#C8D4E3\"},\"line\":{\"color\":\"white\"}},\"type\":\"table\"}],\"barpolar\":[{\"marker\":{\"line\":{\"color\":\"#E5ECF6\",\"width\":0.5},\"pattern\":{\"fillmode\":\"overlay\",\"size\":10,\"solidity\":0.2}},\"type\":\"barpolar\"}],\"pie\":[{\"automargin\":true,\"type\":\"pie\"}]},\"layout\":{\"autotypenumbers\":\"strict\",\"colorway\":[\"#636efa\",\"#EF553B\",\"#00cc96\",\"#ab63fa\",\"#FFA15A\",\"#19d3f3\",\"#FF6692\",\"#B6E880\",\"#FF97FF\",\"#FECB52\"],\"font\":{\"color\":\"#2a3f5f\"},\"hovermode\":\"closest\",\"hoverlabel\":{\"align\":\"left\"},\"paper_bgcolor\":\"white\",\"plot_bgcolor\":\"#E5ECF6\",\"polar\":{\"bgcolor\":\"#E5ECF6\",\"angularaxis\":{\"gridcolor\":\"white\",\"linecolor\":\"white\",\"ticks\":\"\"},\"radialaxis\":{\"gridcolor\":\"white\",\"linecolor\":\"white\",\"ticks\":\"\"}},\"ternary\":{\"bgcolor\":\"#E5ECF6\",\"aaxis\":{\"gridcolor\":\"white\",\"linecolor\":\"white\",\"ticks\":\"\"},\"baxis\":{\"gridcolor\":\"white\",\"linecolor\":\"white\",\"ticks\":\"\"},\"caxis\":{\"gridcolor\":\"white\",\"linecolor\":\"white\",\"ticks\":\"\"}},\"coloraxis\":{\"colorbar\":{\"outlinewidth\":0,\"ticks\":\"\"}},\"colorscale\":{\"sequential\":[[0.0,\"#0d0887\"],[0.1111111111111111,\"#46039f\"],[0.2222222222222222,\"#7201a8\"],[0.3333333333333333,\"#9c179e\"],[0.4444444444444444,\"#bd3786\"],[0.5555555555555556,\"#d8576b\"],[0.6666666666666666,\"#ed7953\"],[0.7777777777777778,\"#fb9f3a\"],[0.8888888888888888,\"#fdca26\"],[1.0,\"#f0f921\"]],\"sequentialminus\":[[0.0,\"#0d0887\"],[0.1111111111111111,\"#46039f\"],[0.2222222222222222,\"#7201a8\"],[0.3333333333333333,\"#9c179e\"],[0.4444444444444444,\"#bd3786\"],[0.5555555555555556,\"#d8576b\"],[0.6666666666666666,\"#ed7953\"],[0.7777777777777778,\"#fb9f3a\"],[0.8888888888888888,\"#fdca26\"],[1.0,\"#f0f921\"]],\"diverging\":[[0,\"#8e0152\"],[0.1,\"#c51b7d\"],[0.2,\"#de77ae\"],[0.3,\"#f1b6da\"],[0.4,\"#fde0ef\"],[0.5,\"#f7f7f7\"],[0.6,\"#e6f5d0\"],[0.7,\"#b8e186\"],[0.8,\"#7fbc41\"],[0.9,\"#4d9221\"],[1,\"#276419\"]]},\"xaxis\":{\"gridcolor\":\"white\",\"linecolor\":\"white\",\"ticks\":\"\",\"title\":{\"standoff\":15},\"zerolinecolor\":\"white\",\"automargin\":true,\"zerolinewidth\":2},\"yaxis\":{\"gridcolor\":\"white\",\"linecolor\":\"white\",\"ticks\":\"\",\"title\":{\"standoff\":15},\"zerolinecolor\":\"white\",\"automargin\":true,\"zerolinewidth\":2},\"scene\":{\"xaxis\":{\"backgroundcolor\":\"#E5ECF6\",\"gridcolor\":\"white\",\"linecolor\":\"white\",\"showbackground\":true,\"ticks\":\"\",\"zerolinecolor\":\"white\",\"gridwidth\":2},\"yaxis\":{\"backgroundcolor\":\"#E5ECF6\",\"gridcolor\":\"white\",\"linecolor\":\"white\",\"showbackground\":true,\"ticks\":\"\",\"zerolinecolor\":\"white\",\"gridwidth\":2},\"zaxis\":{\"backgroundcolor\":\"#E5ECF6\",\"gridcolor\":\"white\",\"linecolor\":\"white\",\"showbackground\":true,\"ticks\":\"\",\"zerolinecolor\":\"white\",\"gridwidth\":2}},\"shapedefaults\":{\"line\":{\"color\":\"#2a3f5f\"}},\"annotationdefaults\":{\"arrowcolor\":\"#2a3f5f\",\"arrowhead\":0,\"arrowwidth\":1},\"geo\":{\"bgcolor\":\"white\",\"landcolor\":\"#E5ECF6\",\"subunitcolor\":\"white\",\"showland\":true,\"showlakes\":true,\"lakecolor\":\"white\"},\"title\":{\"x\":0.05},\"mapbox\":{\"style\":\"light\"}}},\"xaxis\":{\"anchor\":\"y\",\"domain\":[0.0,1.0],\"scaleanchor\":\"y\",\"constrain\":\"domain\"},\"yaxis\":{\"anchor\":\"x\",\"domain\":[0.0,1.0],\"autorange\":\"reversed\",\"constrain\":\"domain\"},\"coloraxis\":{\"colorscale\":[[0.0,\"#440154\"],[0.1111111111111111,\"#482878\"],[0.2222222222222222,\"#3e4989\"],[0.3333333333333333,\"#31688e\"],[0.4444444444444444,\"#26828e\"],[0.5555555555555556,\"#1f9e89\"],[0.6666666666666666,\"#35b779\"],[0.7777777777777778,\"#6ece58\"],[0.8888888888888888,\"#b5de2b\"],[1.0,\"#fde725\"]]},\"title\":{\"text\":\"Heatmap_Corr\\u00e9lations\"}},                        {\"responsive\": true}                    ).then(function(){\n",
              "                            \n",
              "var gd = document.getElementById('5e63ec89-925b-4ddf-ae84-ac474fb16adb');\n",
              "var x = new MutationObserver(function (mutations, observer) {{\n",
              "        var display = window.getComputedStyle(gd).display;\n",
              "        if (!display || display === 'none') {{\n",
              "            console.log([gd, 'removed!']);\n",
              "            Plotly.purge(gd);\n",
              "            observer.disconnect();\n",
              "        }}\n",
              "}});\n",
              "\n",
              "// Listen for the removal of the full notebook cells\n",
              "var notebookContainer = gd.closest('#notebook-container');\n",
              "if (notebookContainer) {{\n",
